Pm	group	ze	zmieniana	macierza	symetrii
0	0	0.173	1471.33	147	-3
0	0	0.274	964.71	96	-3
0	0	0.375	733.3	36.67	-3
0	0	0.474	594.77	29.74	-3
0	0	0.674	468.31	23.42	-3
0	0	0.874	438.26	21.92	-3
0	0	1.074	456.74	22.84	-3
0	0	1.275	423.99	22.21	-3
0	0	1.474	476.21	23.82	-3
0	0	1.674	557.97	27.91	-3
0	0	1.874	633.8	31.7	-3
0	0	2.073	703.81	35.21	-3
0	0	2.274	790.97	39.56	-3
0	0	2.474	932.34	46.63	-3
0	0	2.674	1242.86	62.16	-3
0	0	2.775	1591.63	160	-3
0	0	2.875	2485.1	248	-3
0	0	3.074	2106.69	210	-3
0	0	3.174	651.87	65	-3
0	0	3.275	217.94	21	-3
0	0	3.374	10	30	-3
0	0	3.424	91.89	12.14	-3
0	0	3.474	152.41	12.14	-3
0	0	3.574	231.37	13.14	-3
0	0	3.674	288.82	15.31	-3
0	0	3.874	386.94	19.75	-3
0	0	4.074	439.03	22.28	-3
0	0	4.274	471.82	23.94	-3
0	0	4.474	510.23	25.83	-3
0	0	4.674	524	26.59	-3
0	0	4.874	553.71	28.09	-3
0	0	5.174	601.98	30.58	-3
0	0	5.374	704.89	35.55	-3
0	1	-0.3	3.76	0.23	0.5
0	1	0.299	4.7	0.29	0.5
0	3	-0.3	6.49	0.4	0.5
0	3	0.3	7.91	0.48	0.5
0	5	-0.301	3.88	0.38	0.5
0	5	0.3	1.88	0.37	0.5
1	0	0.301	0.1	0.22	0.5
1	1	-4.699	11.6	0.76	0.5
1	1	-4.3	12.78	0.79	0.5
1	1	-3.9	13.13	0.81	0.5
1	1	-3.499	13.95	0.85	0.5
1	1	-3.099	14.8	0.9	0.5
1	1	-2.699	15.04	0.91	0.5
1	1	-2.299	15.2	0.92	0.5
1	1	-1.899	17.13	1.03	0.5
1	1	-1.499	17.91	1.08	0.5
1	1	-1.099	18.79	1.13	0.5
1	1	-0.699	19.39	1.17	0.5
1	1	-0.3	19.42	1.17	0.5
1	1	0.3	18.75	1.13	0.5
1	2	-0.299	6.21	0.37	0.5
1	2	0.299	6.47	0.39	0.5
1	2	0.499	6.41	0.39	0.5
1	2	0.699	6.19	0.38	0.5
1	2	0.899	5.87	0.36	0.5
1	2	1.099	5.83	0.36	0.5
1	2	1.299	6.26	0.39	0.5
1	2	1.499	6.01	0.37	0.5
1	2	1.699	5.8	0.36	0.5
1	2	1.899	5.5	0.35	0.5
1	2	2.099	5.64	0.35	0.5
1	2	2.299	5.54	0.35	0.5
1	2	2.499	5.41	0.34	0.5
1	2	2.699	5.5	0.35	0.5
1	2	2.899	6.28	0.6	0.5
1	2	3.099	5.29	0.64	0.5
1	2	3.299	6.1	0.72	0.5
1	2	3.499	4.91	0.76	0.5
1	2	3.7	5.16	0.9	0.5
1	2	3.899	4.31	0.94	0.5
1	2	4.099	4.75	1.08	0.5
1	2	4.299	5.56	0.89	0.5
1	2	4.5	5.42	0.64	0.5
1	2	4.699	5.95	0.9	0.5
1	3	-0.3	9.72	0.59	0.5
1	3	0.3	10.24	0.62	0.5
1	4	-0.3	4.85	0.32	0.5
1	4	0.301	5.24	0.32	0.5
1	5	-0.301	2.83	0.35	0.5
1	5	0.3	1.84	0.32	0.5
1	6	-0.3	1.64	0.97	0.5
1	6	0.3	1.24	0.49	0.5
2	1	-4.865	85	9.92	1
2	1	-4.739	47	3	1
2	1	-4.7	39.85	2.4	1
2	1	-4.5	29.88	1.81	1
2	1	-4.299	26.19	1.58	1
2	1	-4.099	24.2	1.46	1
2	1	-3.9	22.77	1.38	1
2	1	-3.699	22.05	1.33	1
2	1	-3.499	21.72	1.31	1
2	1	-3.299	21.71	1.31	1
2	1	-3.099	20.79	1.26	1
2	1	-2.9	20.36	1.23	1
2	1	-2.699	19.82	1.2	1
2	1	-2.499	18.81	1.13	1
2	1	-2.3	27.96	2.8	1
2	1	-2.199	44.21	4.5	1
2	1	-2.099	108.11	10.9	1
2	1	-1.899	122.32	12.3	1
2	1	-1.8	66.77	6.7	1
2	1	-1.699	50.28	5.1	1
2	1	-1.499	36.77	2.21	1
2	1	-1.299	30.97	1.86	1
2	1	-1.1	27.53	1.65	1
2	1	-0.899	24.59	1.48	1
2	1	-0.699	22.3	1.34	1
2	1	-0.499	19.91	1.2	1
2	1	-0.299	18.04	1.09	1
2	1	0.299	12.19	0.73	1
2	1	0.499	16.59	1	1
2	1	0.699	31.19	3.2	1
2	1	0.798	50.93	5.1	1
2	1	0.9	106.47	10.7	1
2	1	1.1	137.69	13.8	1
2	1	1.2	69.81	7	1
2	1	1.299	46.09	6.6	1
2	1	1.499	29.06	1.75	1
2	1	1.699	21.32	1.28	1
2	1	1.899	16.78	1.01	1
2	1	2.099	13.24	0.8	1
2	1	2.299	11.07	0.67	1
2	1	2.499	9.56	0.58	1
2	1	2.699	9.21	0.56	1
2	1	2.899	8.92	0.54	1
2	1	3.099	9.96	0.68	1
2	1	3.299	12.78	0.83	1
2	1	3.499	18.7	1.16	1
2	1	3.699	30.66	3.1	1
2	1	3.899	101.25	10.2	1
2	1	4.099	80.6	8.1	1
2	1	4.3	23.93	2.4	1
2	1	4.499	12.88	0.99	1
2	1	4.7	8.44	0.94	1
2	1	4.899	7.84	0.9	1
2	2	-0.3	11.99	0.72	0.5
2	4	-0.3	4.86	0.32	0.5
3	0	0.3	0.46	0.17	0.5
3	1	-0.3	12.04	0.72	0.5
3	1	0.3	12.99	0.78	0.5
3	2	-0.3	3.51	0.22	0.5
3	2	0.3	4.43	0.28	0.5
3	3	-0.3	5.48	0.34	0.5
3	3	0.3	7.13	0.44	0.5
3	4	-0.3	3.62	0.33	0.5
3	4	0.3	3.87	0.36	0.5
3	5	-0.3	1.58	0.75	0.5
3	5	0.3	0.1	2.36	0.5
4	0	0.198	33.58	2.02	3
4	0	0.3	20.69	1.26	3
4	0	0.394	17.33	1.06	3
4	0	0.499	10.63	0.67	3
4	0	0.699	6.27	0.48	3
4	0	0.9	4.43	0.32	3
4	0	1.099	4.66	0.32	3
4	0	1.299	5.64	0.36	3
4	0	1.499	7.34	0.45	3
4	0	1.7	11.07	0.68	3
4	0	1.9	13.46	0.83	3
4	0	2.1	16.12	0.98	3
4	0	2.3	19.58	1.19	3
4	0	2.499	25.27	1.53	3
4	0	2.699	37.06	3.8	3
4	0	2.899	96.54	9.7	3
4	0	3.099	66.34	6.7	3
4	2	-3.1	11.23	0.76	1
4	2	-2.9	10.19	0.72	1
4	2	-2.7	9.88	0.69	1
4	2	-2.5	9.99	0.68	1
4	2	-2.299	10.62	0.7	1
4	2	-2.099	10.73	0.7	1
4	2	-1.899	12.08	0.73	1
4	2	-1.7	13.19	0.8	1
4	2	-1.499	15.89	0.97	1
4	2	-1.299	22.73	2.3	1
4	2	-1.2	31.69	3.2	1
4	2	-1.099	67.86	6.8	1
4	2	-0.899	57.09	5.8	1
4	2	-0.799	28.35	2.9	1
4	2	-0.699	19.28	1.9	1
4	2	-0.499	13.14	0.81	1
4	2	-0.299	11.27	0.69	1
4	2	-0.2	11.75	0.71	1
4	3	-0.3	2.69	0.23	0.5
5	0	0.3	0.84	0.4	0.5
5	1	-0.3	5.15	0.35	0.5
5	1	0.3	5.59	0.36	0.5
5	2	-0.3	1.96	0.14	0.5
5	2	0.3	2.14	0.38	0.5
5	3	-0.3	2.46	0.89	0.5
5	3	0.3	2.98	0.36	0.5
5	4	-0.3	1.55	1.06	0.5
5	4	0.3	1.61	0.89	0.5
